LogisticRegression - Mejores par치metros: {'C': 10}
[Reporte 1]
              precision    recall  f1-score   support

           1     0.9497    0.8854    0.9164       192
           2     0.8930    0.7952    0.8413       210
           3     0.8043    0.8075    0.8059       509
           4     0.7422    0.8217    0.7800      1223
           5     0.8415    0.7806    0.8099      1340

    accuracy                         0.8057      3474
   macro avg     0.8462    0.8181    0.8307      3474
weighted avg     0.8102    0.8057    0.8066      3474

[Reporte 2]
              precision    recall  f1-score   support

           1     0.8969    0.9062    0.9016       192
           2     0.8895    0.7630    0.8214       211
           3     0.8523    0.7937    0.8220       509
           4     0.7253    0.8126    0.7665      1222
           5     0.8256    0.7739    0.7989      1340

    accuracy                         0.7971      3474
   macro avg     0.8379    0.8099    0.8221      3474
weighted avg     0.8021    0.7971    0.7979      3474

[Reporte 3]
              precision    recall  f1-score   support

           1     0.9162    0.9067    0.9115       193
           2     0.9032    0.8000    0.8485       210
           3     0.8612    0.8291    0.8448       509
           4     0.7528    0.8273    0.7883      1222
           5     0.8473    0.7993    0.8226      1340

    accuracy                         0.8195      3474
   macro avg     0.8562    0.8325    0.8431      3474
weighted avg     0.8233    0.8195    0.8203      3474

[Reporte 4]
              precision    recall  f1-score   support

           1     0.9457    0.9016    0.9231       193
           2     0.9053    0.8190    0.8600       210
           3     0.8180    0.8566    0.8369       509
           4     0.7455    0.8077    0.7753      1222
           5     0.8391    0.7784    0.8076      1340

    accuracy                         0.8094      3474
   macro avg     0.8507    0.8326    0.8406      3474
weighted avg     0.8130    0.8094    0.8101      3474

[Reporte 5]
              precision    recall  f1-score   support

           1     0.9516    0.9171    0.9340       193
           2     0.8889    0.8000    0.8421       210
           3     0.8234    0.7878    0.8052       509
           4     0.7185    0.8430    0.7758      1223
           5     0.8386    0.7371    0.7846      1339

    accuracy                         0.7956      3474
   macro avg     0.8442    0.8170    0.8283      3474
weighted avg     0.8034    0.7956    0.7963      3474

LogisticRegression - F1 macro por fold: [0.8307043797003241, 0.8220754729136264, 0.8431345530783136, 0.8405702126563968, 0.8283426077866631]
LogisticRegression - F1 macro promedio: 0.8329654452270647
MultinomialNB - Mejores par치metros: {'alpha': 0.01}
[Reporte 1]
              precision    recall  f1-score   support

           1     0.8771    0.8177    0.8464       192
           2     0.8441    0.7476    0.7929       210
           3     0.7365    0.6974    0.7164       509
           4     0.6617    0.7661    0.7101      1223
           5     0.8002    0.7231    0.7597      1340

    accuracy                         0.7412      3474
   macro avg     0.7839    0.7504    0.7651      3474
weighted avg     0.7490    0.7412    0.7427      3474

[Reporte 2]
              precision    recall  f1-score   support

           1     0.8272    0.8229    0.8251       192
           2     0.8363    0.6777    0.7487       211
           3     0.7778    0.6601    0.7141       509
           4     0.6646    0.7881    0.7211      1222
           5     0.8002    0.7351    0.7662      1340

    accuracy                         0.7441      3474
   macro avg     0.7812    0.7368    0.7550      3474
weighted avg     0.7529    0.7441    0.7449      3474

[Reporte 3]
              precision    recall  f1-score   support

           1     0.9061    0.8497    0.8770       193
           2     0.8514    0.7095    0.7740       210
           3     0.7811    0.7151    0.7467       509
           4     0.6511    0.7741    0.7073      1222
           5     0.8065    0.7216    0.7617      1340

    accuracy                         0.7455      3474
   macro avg     0.7992    0.7540    0.7733      3474
weighted avg     0.7564    0.7455    0.7475      3474

[Reporte 4]
              precision    recall  f1-score   support

           1     0.8769    0.8860    0.8814       193
           2     0.8564    0.7667    0.8090       210
           3     0.7615    0.7151    0.7376       509
           4     0.6574    0.7709    0.7096      1222
           5     0.7992    0.7037    0.7484      1340

    accuracy                         0.7429      3474
   macro avg     0.7903    0.7685    0.7772      3474
weighted avg     0.7515    0.7429    0.7442      3474

[Reporte 5]
              precision    recall  f1-score   support

           1     0.8783    0.8601    0.8691       193
           2     0.8306    0.7238    0.7735       210
           3     0.7766    0.7171    0.7457       509
           4     0.6664    0.8021    0.7280      1223
           5     0.8147    0.7058    0.7563      1339

    accuracy                         0.7510      3474
   macro avg     0.7933    0.7618    0.7745      3474
weighted avg     0.7614    0.7510    0.7521      3474

MultinomialNB - F1 macro por fold: [0.765111611511703, 0.7550414678324204, 0.7733409838825965, 0.7772188791537408, 0.774524608434743]
MultinomialNB - F1 macro promedio: 0.7690475101630407
SVC - Mejores par치metros: {'C': 10, 'kernel': 'rbf'}
[Reporte 1]
              precision    recall  f1-score   support

           1     0.9429    0.8594    0.8992       192
           2     0.8936    0.8000    0.8442       210
           3     0.8067    0.8035    0.8051       509
           4     0.7638    0.8168    0.7894      1223
           5     0.8472    0.8194    0.8331      1340

    accuracy                         0.8172      3474
   macro avg     0.8508    0.8198    0.8342      3474
weighted avg     0.8200    0.8172    0.8179      3474

[Reporte 2]
              precision    recall  f1-score   support

           1     0.8660    0.8750    0.8705       192
           2     0.9126    0.7915    0.8477       211
           3     0.8465    0.7800    0.8119       509
           4     0.7551    0.8175    0.7851      1222
           5     0.8383    0.8164    0.8272      1340

    accuracy                         0.8132      3474
   macro avg     0.8437    0.8161    0.8285      3474
weighted avg     0.8163    0.8132    0.8138      3474

[Reporte 3]
              precision    recall  f1-score   support

           1     0.9494    0.8756    0.9111       193
           2     0.8667    0.8048    0.8346       210
           3     0.8457    0.8291    0.8373       509
           4     0.7810    0.8257    0.8027      1222
           5     0.8534    0.8343    0.8438      1340

    accuracy                         0.8310      3474
   macro avg     0.8592    0.8339    0.8459      3474
weighted avg     0.8329    0.8310    0.8316      3474

[Reporte 4]
              precision    recall  f1-score   support

           1     0.9462    0.9119    0.9288       193
           2     0.8969    0.8286    0.8614       210
           3     0.8252    0.8625    0.8434       509
           4     0.7659    0.8167    0.7905      1222
           5     0.8491    0.7978    0.8226      1340

    accuracy                         0.8221      3474
   macro avg     0.8567    0.8435    0.8493      3474
weighted avg     0.8246    0.8221    0.8226      3474

[Reporte 5]
              precision    recall  f1-score   support

           1     0.9556    0.8912    0.9223       193
           2     0.9503    0.8190    0.8798       210
           3     0.8320    0.8173    0.8246       509
           4     0.7518    0.8397    0.7934      1223
           5     0.8452    0.7872    0.8152      1339

    accuracy                         0.8178      3474
   macro avg     0.8670    0.8309    0.8470      3474
weighted avg     0.8229    0.8178    0.8187      3474

SVC - F1 macro por fold: [0.8342027003678842, 0.8284665864562182, 0.8458798278408011, 0.849336991485931, 0.8470282504693477]
SVC - F1 macro promedio: 0.8409828713240364
MLPC - Mejores par치metros: {'activation': 'relu', 'hidden_layer_sizes': (100,)}
[Reporte 1]
              precision    recall  f1-score   support

           1     0.9322    0.8594    0.8943       192
           2     0.8743    0.7952    0.8329       210
           3     0.7881    0.8035    0.7957       509
           4     0.7317    0.8095    0.7686      1223
           5     0.8379    0.7716    0.8034      1340

    accuracy                         0.7959      3474
   macro avg     0.8328    0.8079    0.8190      3474
weighted avg     0.8006    0.7959    0.7969      3474

[Reporte 2]
              precision    recall  f1-score   support

           1     0.9048    0.8906    0.8976       192
           2     0.8689    0.7536    0.8071       211
           3     0.8237    0.7800    0.8012       509
           4     0.7262    0.8118    0.7666      1222
           5     0.8182    0.7657    0.7911      1340

    accuracy                         0.7902      3474
   macro avg     0.8283    0.8003    0.8127      3474
weighted avg     0.7945    0.7902    0.7908      3474

[Reporte 3]
              precision    recall  f1-score   support

           1     0.9158    0.9016    0.9086       193
           2     0.8964    0.8238    0.8586       210
           3     0.8396    0.8330    0.8363       509
           4     0.7393    0.8167    0.7760      1222
           5     0.8358    0.7709    0.8020      1340

    accuracy                         0.8066      3474
   macro avg     0.8454    0.8292    0.8363      3474
weighted avg     0.8105    0.8066    0.8072      3474

[Reporte 4]
              precision    recall  f1-score   support

           1     0.9459    0.9067    0.9259       193
           2     0.9048    0.8143    0.8571       210
           3     0.8253    0.8448    0.8350       509
           4     0.7378    0.8061    0.7704      1222
           5     0.8280    0.7687    0.7972      1340

    accuracy                         0.8034      3474
   macro avg     0.8484    0.8281    0.8371      3474
weighted avg     0.8071    0.8034    0.8041      3474

[Reporte 5]
              precision    recall  f1-score   support

           1     0.9457    0.9016    0.9231       193
           2     0.8744    0.8286    0.8509       210
           3     0.7996    0.7996    0.7996       509
           4     0.7331    0.8242    0.7760      1223
           5     0.8318    0.7498    0.7887      1339

    accuracy                         0.7965      3474
   macro avg     0.8369    0.8207    0.8276      3474
weighted avg     0.8012    0.7965    0.7970      3474

MLPC - F1 macro por fold: [0.8189997673949085, 0.812725344581265, 0.8363074591016181, 0.8371335928268617, 0.8276418807990513]
MLPC - F1 macro promedio: 0.8265616089407409